7	1	995	3530	....................GT....A.........
7	1	995	5782	....................AA....G.........
7	1	995	5884	....................TT....C.........
7	1	995	6195	....................CC....C.........
7	1	995	6832	....................TT....T.........
7	1	995	17683	....................GA....A.........
7	1	995	19169	....................CA....C.........
7	1	996	15599	....................TT....A.........
7	1	996	1237	....................TT....A.........
7	1	996	15088	....................TA....T.........
